

1
20
48 91 
96 100 
11 53 
26 97 
14 92 
87 92 
21 78 
72 95 
88 92 
79 85 
86 90 
51 90 
30 53 
89 90 
45 91 
78 93 
10 49 
99 100 
76 84 
73 79 


31
58 84 
7 84 
34 70 
78 86 
48 68 
82 86 
14 27 
22 31 
53 94 
93 95 
12 96 
53 60 
81 88 
58 62 
43 77 
92 100 
8 15 
91 94 
65 97 
35 78 
30 87 
4 67 
81 96 
90 93 
56 94 
74 91 
66 68 
49 93 
95 97 
52 100 
50 76 
35
55 67 
24 33 
2 68 
27 62 
19 52 
14 72 
21 29 
48 76 
91 94 
25 33 
93 98 
3 28 
42 84 
90 97 
55 69 
13 70 
68 99 
1 69 
23 72 
78 97 
67 92 
96 100 
27 49 
40 48 
72 86 
70 97 
11 63 
5 76 
78 93 
29 67 
22 40 
37 91 
73 74 
58 70 
62 77 
50
29 61 
32 54 
49 63 
53 54 
46 70 
34 44 
26 86 
12 22 
80 95 
3 31 
26 46 
48 83 
13 56 
69 90 
44 50 
41 79 
25 76 
86 89 
44 59 
35 62 
52 79 
97 99 
68 85 
51 92 
11 20 
56 68 
91 93 
47 83 
84 93 
10 81 
18 44 
96 98 
23 70 
12 77 
17 54 
53 85 
10 78 
41 62 
55 56 
25 79 
42 52 
97 98 
80 96 
37 81 
58 90 
87 92 
95 99 
14 50 
59 69 
80 90 
47
33 70 
77 94 
81 86 
36 41 
76 79 
13 92 
97 98 
35 49 
80 93 
97 98 
81 88 
20 51 
85 94 
18 77 
14 49 
76 90 
30 68 
28 46 
8 55 
78 82 
61 76 
36 78 
34 69 
93 98 
62 95 
37 61 
60 69 
3 35 
90 92 
50 56 
10 70 
48 100 
77 90 
45 83 
35 81 
63 95 
12 78 
47 93 
65 94 
57 60 
28 48 
69 71 
47 80 
26 76 
86 89 
36 76 
97 100 
87
74 98 
74 99 
89 98 
18 35 
9 82 
29 56 
81 94 
9 40 
92 97 
75 82 
47 81 
2 81 
29 86 
15 96 
72 100 
52 82 
54 73 
98 100 
21 35 
24 70 
32 84 
80 100 
17 55 
16 31 
84 91 
83 100 
31 88 
8 9 
59 62 
77 99 
19 37 
74 99 
50 81 
15 29 
86 100 
97 98 
86 90 
27 94 
61 86 
9 22 
32 95 
71 80 
72 76 
18 95 
1 93 
58 81 
19 49 
88 99 
1 2 
39 91 
37 47 
2 67 
12 39 
23 72 
67 96 
14 55 
16 68 
56 66 
63 88 
17 88 
63 67 
77 82 
1 64 
48 95 
64 76 
84 87 
19 77 
19 93 
10 60 
99 100 
67 80 
70 96 
95 96 
68 79 
95 99 
18 39 
52 64 
36 78 
54 90 
50 74 
66 80 
14 47 
18 92 
13 67 
70 74 
2 48 
21 28 
58
16 87 
81 85 
89 95 
88 92 
13 28 
79 97 
33 63 
13 62 
27 82 
62 70 
64 86 
22 44 
64 75 
87 91 
49 82 
15 23 
50 83 
37 67 
56 79 
82 94 
2 23 
29 64 
21 73 
83 89 
88 97 
55 87 
39 52 
36 84 
4 85 
1 51 
80 83 
15 86 
8 45 
67 95 
72 85 
27 48 
7 96 
9 24 
95 96 
71 96 
34 61 
31 72 
98 99 
72 80 
87 94 
50 60 
84 99 
93 94 
10 32 
48 58 
5 36 
54 99 
28 43 
36 45 
51 97 
4 77 
32 68 
53 94 
33
25 95 
85 89 
75 78 
76 92 
42 66 
45 56 
11 74 
2 57 
80 85 
11 100 
45 79 
88 96 
37 51 
81 87 
22 83 
65 67 
34 84 
39 96 
98 99 
42 46 
76 99 
37 60 
11 54 
69 92 
47 57 
28 45 
12 26 
39 99 
79 85 
13 92 
25 54 
45 79 
28 91 
48
24 89 
5 53 
67 89 
96 98 
98 100 
19 96 
78 88 
14 26 
8 43 
5 58 
4 92 
66 76 
46 52 
45 48 
69 81 
63 82 
15 69 
52 96 
53 61 
32 95 
79 93 
37 49 
47 85 
23 53 
70 85 
6 29 
46 80 
73 75 
12 94 
92 97 
39 50 
66 71 
20 60 
32 63 
63 76 
23 54 
9 14 
97 98 
5 32 
8 63 
44 72 
45 68 
78 95 
79 88 
32 38 
63 75 
24 64 
23 97 
59
54 59 
9 95 
33 75 
21 87 
43 62 
91 97 
81 90 
4 93 
9 77 
66 91 
68 80 
56 96 
17 27 
61 69 
47 62 
89 99 
13 63 
11 65 
41 100 
33 41 
6 36 
44 71 
89 91 
71 94 
35 68 
20 49 
90 99 
40 42 
1 3 
46 85 
2 88 
44 60 
28 83 
57 79 
84 97 
50 88 
15 61 
71 96 
36 56 
97 98 
77 86 
70 87 
88 93 
67 90 
10 86 
35 74 
45 77 
22 73 
31 83 
38 65 
69 88 
99 100 
78 91 
80 82 
9 99 
81 83 
90 100 
48 76 
59 87 
5
68 100 
97 98 
69 78 
98 100 
3 93 
47
16 93 
60 71 
23 70 
79 94 
47 49 
78 84 
66 100 
77 80 
42 69 
26 50 
5 68 
5 71 
17 91 
76 81 
79 97 
27 38 
94 95 
3 57 
21 64 
18 39 
64 85 
93 100 
59 76 
41 43 
7 77 
6 19 
12 32 
86 96 
84 94 
78 95 
14 55 
53 67 
88 90 
21 43 
35 62 
74 80 
29 86 
25 92 
36 56 
84 99 
28 36 
48 55 
97 99 
63 82 
97 98 
41 46 
43 90 
74
31 79 
34 71 
80 81 
10 58 
96 100 
1 82 
11 25 
63 73 
93 95 
98 100 
48 96 
94 96 
26 93 
67 69 
74 80 
47 57 
5 66 
37 92 
46 65 
58 100 
21 60 
21 74 
22 82 
80 82 
35 63 
44 78 
8 63 
7 19 
67 72 
65 84 
28 95 
43 97 
88 98 
10 80 
24 74 
75 78 
23 73 
71 87 
78 85 
55 66 
28 43 
90 94 
32 40 
65 94 
63 64 
37 89 
41 86 
16 24 
56 93 
63 67 
90 98 
20 30 
30 39 
53 99 
40 70 
14 99 
2 91 
97 100 
96 99 
29 44 
90 97 
46 95 
42 61 
60 79 
87 96 
71 76 
56 91 
86 91 
79 96 
87 89 
43 78 
81 83 
4 82 
75 81 
32
5 95 
29 67 
2 35 
8 13 
17 51 
48 72 
72 98 
91 100 
8 29 
40 92 
60 100 
85 98 
39 89 
64 79 
4 93 
52 63 
17 44 
72 80 
40 98 
76 85 
78 80 
91 97 
43 51 
14 56 
51 61 
90 99 
9 83 
70 73 
4 84 
59 62 
91 93 
14 20 
84
83 97 
29 95 
98 100 
39 59 
71 91 
62 86 
1 11 
99 100 
99 100 
57 73 
76 90 
76 93 
58 95 
97 98 
93 95 
58 74 
25 55 
35 79 
66 68 
41 89 
61 67 
84 100 
11 58 
11 51 
88 96 
82 83 
67 92 
71 91 
38 43 
92 98 
69 83 
6 52 
32 62 
15 96 
14 52 
29 89 
56 57 
35 97 
93 99 
73 91 
11 51 
43 100 
10 69 
4 70 
80 99 
76 81 
41 76 
41 98 
22 97 
63 83 
7 54 
6 63 
4 59 
24 62 
83 96 
73 94 
47 69 
71 80 
27 30 
2 55 
65 72 
52 92 
59 63 
71 81 
42 83 
12 15 
25 45 
7 48 
57 98 
18 46 
24 51 
31 68 
4 26 
24 27 
70 90 
31 94 
2 67 
37 43 
70 91 
37 77 
41 86 
59 87 
64 84 
90 97 
55
8 60 
13 66 
85 93 
96 99 
5 65 
53 67 
54 78 
29 36 
24 96 
5 62 
23 84 
70 80 
73 99 
33 96 
23 28 
28 31 
6 81 
23 45 
21 34 
71 91 
40 88 
50 86 
9 37 
26 63 
60 67 
59 82 
42 61 
51 78 
61 73 
51 73 
31 59 
9 14 
16 44 
22 74 
49 70 
54 80 
12 58 
80 90 
77 92 
49 63 
32 45 
19 21 
34 35 
88 96 
49 83 
73 87 
13 98 
11 51 
10 22 
58 71 
20 47 
45 74 
14 73 
47 63 
27 88 
79
59 64 
43 70 
33 81 
19 70 
56 79 
94 98 
68 90 
41 77 
83 98 
53 79 
85 100 
82 88 
76 87 
61 78 
32 77 
89 100 
53 64 
21 51 
40 52 
8 90 
92 93 
25 95 
73 84 
53 78 
34 71 
94 96 
66 72 
31 72 
78 90 
6 26 
42 66 
95 98 
25 99 
78 98 
51 77 
58 77 
85 98 
4 5 
45 78 
13 14 
56 63 
93 97 
80 96 
61 87 
12 67 
66 78 
59 63 
45 52 
73 86 
46 88 
5 55 
67 88 
83 88 
46 48 
23 79 
3 50 
61 99 
99 100 
16 88 
97 98 
24 25 
75 79 
22 31 
65 67 
39 77 
19 45 
13 47 
29 96 
53 87 
22 54 
31 89 
53 82 
18 50 
30 32 
8 39 
57 91 
87 90 
12 98 
50 62 
15
86 89 
21 34 
95 97 
57 84 
57 81 
11 79 
57 77 
81 90 
50 69 
76 99 
36 78 
38 98 
86 97 
76 89 
18 52 
19
2 50 
16 88 
24 35 
86 100 
73 86 
19 86 
70 97 
82 89 
98 99 
89 93 
46 53 
18 91 
74 93 
84 90 
3 79 
63 79 
61 95 
31 80 
94 100 
87
68 72 
9 46 
97 99 
52 98 
58 88 
3 92 
7 46 
54 97 
63 71 
98 99 
39 74 
89 97 
86 87 
71 99 
58 87 
57 99 
14 56 
92 95 
23 76 
21 24 
3 49 
16 92 
10 68 
21 53 
7 69 
1 44 
44 93 
83 89 
53 95 
95 97 
39 78 
34 53 
16 71 
60 81 
64 90 
17 55 
2 85 
70 99 
99 100 
80 98 
5 81 
44 79 
68 90 
75 86 
80 85 
30 96 
18 57 
68 79 
84 86 
68 90 
6 57 
13 96 
15 78 
13 28 
69 85 
13 35 
71 75 
20 95 
81 100 
58 92 
60 93 
77 85 
48 94 
8 99 
70 89 
77 94 
57 66 
80 82 
68 83 
80 90 
83 94 
10 100 
47 95 
91 92 
22 44 
87 96 
35 39 
56 70 
10 26 
12 69 
34 90 
53 94 
76 90 
56 100 
23 79 
78 95 
25 62 
27
71 74 
51 56 
37 44 
83 96 
31 94 
70 99 
55 84 
21 47 
60 100 
85 95 
81 94 
5 23 
39 79 
2 45 
60 61 
2 37 
5 65 
26 88 
50 58 
54 96 
56 68 
88 96 
51 71 
43 70 
14 65 
58 75 
42 93 
68
78 96 
20 52 
56 64 
22 70 
10 81 
10 30 
19 38 
99 100 
72 99 
83 95 
70 99 
24 65 
4 21 
35 96 
88 89 
15 75 
88 93 
83 97 
39 58 
26 27 
74 87 
93 97 
52 99 
87 93 
12 82 
5 40 
59 88 
59 97 
72 88 
58 77 
86 88 
22 66 
3 28 
16 24 
6 8 
87 97 
75 88 
70 85 
71 73 
48 57 
27 90 
63 66 
74 99 
46 75 
14 53 
3 82 
72 86 
70 87 
26 82 
13 96 
26 36 
7 90 
79 83 
23 82 
31 35 
31 46 
21 23 
40 55 
12 51 
38 92 
85 98 
19 67 
60 94 
31 62 
73 96 
13 75 
41 65 
94 100 
80
17 63 
23 32 
94 95 
6 27 
17 53 
95 97 
36 50 
83 86 
35 64 
34 58 
68 91 
96 98 
29 72 
48 51 
86 89 
39 81 
29 89 
86 97 
38 55 
6 85 
87 100 
53 86 
16 74 
94 96 
71 72 
71 79 
44 64 
45 85 
57 85 
20 23 
54 82 
41 72 
20 34 
99 100 
17 22 
11 85 
5 72 
25 89 
94 98 
66 81 
46 91 
2 87 
1 45 
61 92 
35 76 
96 100 
39 56 
64 94 
63 88 
13 95 
68 76 
81 90 
83 96 
87 94 
23 65 
42 53 
88 93 
55 88 
84 100 
45 95 
95 98 
1 34 
76 99 
87 94 
27 53 
17 78 
22 77 
61 79 
2 39 
77 96 
99 100 
89 97 
57 71 
72 85 
59 97 
58 59 
54 99 
82 94 
19 52 
67 79 
5
83 88 
87 99 
96 100 
80 92 
66 68 
9
82 92 
27 84 
35 60 
78 81 
12 68 
43 81 
89 93 
93 99 
92 96 
99
61 87 
86 91 
19 73 
36 79 
24 95 
1 66 
82 99 
89 97 
24 62 
96 100 
98 99 
56 95 
20 83 
54 95 
71 80 
78 86 
50 53 
76 91 
44 87 
65 75 
11 23 
30 81 
53 69 
10 67 
4 73 
87 88 
34 42 
60 84 
20 38 
78 90 
24 34 
17 99 
15 24 
41 98 
4 16 
23 60 
67 86 
5 93 
69 70 
95 96 
18 32 
69 85 
24 32 
99 100 
39 60 
28 82 
27 71 
35 94 
37 40 
99 100 
78 90 
51 95 
72 84 
64 67 
65 98 
9 83 
37 67 
29 42 
1 29 
97 100 
1 26 
99 100 
67 99 
68 98 
5 18 
39 56 
86 99 
27 92 
42 58 
95 97 
45 58 
84 95 
75 91 
38 89 
36 77 
12 70 
57 68 
63 78 
41 71 
25 56 
94 97 
29 49 
52 69 
35 84 
41 53 
96 97 
29 75 
62 90 
89 100 
78 81 
32 63 
61 84 
99 100 
14 96 
50 98 
83 89 
98 99 
21 62 
62 78 
87
1 83 
33 79 
12 46 
46 59 
98 100 
91 96 
75 99 
81 97 
76 94 
75 92 
51 82 
97 100 
9 61 
14 44 
67 68 
94 98 
49 65 
51 57 
37 59 
71 97 
37 70 
55 56 
37 56 
73 84 
37 47 
24 53 
56 86 
80 86 
24 79 
18 30 
59 97 
55 79 
36 48 
62 94 
97 100 
5 43 
92 100 
42 70 
93 97 
37 95 
61 68 
18 78 
77 83 
77 97 
88 100 
86 100 
4 15 
48 99 
45 55 
7 8 
40 63 
72 90 
67 82 
56 71 
28 39 
89 98 
51 98 
2 52 
98 99 
24 53 
68 87 
29 89 
46 67 
6 99 
84 86 
29 83 
20 41 
52 97 
13 70 
43 80 
1 33 
27 82 
35 64 
74 82 
1 96 
18 69 
1 45 
37 57 
19 70 
33 44 
51 91 
24 97 
60 88 
53 99 
81 82 
11 76 
24 40 
64
58 59 
2 59 
59 67 
4 85 
95 97 
62 91 
64 68 
72 82 
53 64 
84 86 
91 95 
71 99 
39 95 
71 86 
86 87 
48 53 
62 97 
30 64 
41 49 
45 68 
79 92 
71 99 
9 63 
3 24 
75 76 
79 82 
44 62 
25 85 
12 73 
99 100 
97 100 
39 46 
91 94 
77 98 
97 100 
62 71 
27 98 
16 51 
77 89 
93 96 
2 77 
14 50 
20 48 
25 39 
30 96 
24 53 
67 94 
82 93 
26 67 
86 95 
80 89 
97 99 
80 84 
40 92 
30 53 
5 77 
4 46 
75 99 
53 75 
49 63 
21 47 
9 74 
32 76 
44 85 
96
28 71 
26 82 
76 95 
52 97 
68 90 
15 99 
9 21 
3 28 
19 42 
77 100 
72 80 
35 68 
66 100 
72 75 
61 77 
3 30 
5 43 
59 86 
58 91 
65 90 
16 60 
25 74 
24 63 
48 55 
47 90 
54 95 
82 87 
57 58 
7 96 
3 60 
54 100 
52 68 
30 37 
38 57 
21 80 
10 46 
81 99 
58 72 
56 85 
45 69 
29 88 
16 65 
83 85 
55 72 
96 100 
53 59 
57 65 
8 74 
12 67 
71 75 
45 59 
66 94 
11 96 
30 91 
30 89 
65 67 
70 98 
66 79 
49 76 
41 77 
76 91 
95 99 
93 100 
18 54 
45 100 
37 99 
69 81 
13 92 
25 74 
43 47 
13 74 
9 52 
85 87 
34 66 
95 97 
75 79 
65 87 
2 15 
70 72 
61 73 
8 56 
4 6 
98 99 
53 65 
55 95 
73 94 
1 82 
46 84 
56 89 
15 53 
49 76 
18 19 
57 85 
68 69 
34 63 
41 51 
8
42 100 
24 44 
65 87 
8 53 
17 54 
57 96 
18 66 
50 70 
66
96 99 
40 87 
53 77 
28 76 
23 39 
50 54 
99 100 
1 14 
95 98 
75 79 
61 74 
54 72 
88 100 
47 97 
97 99 
80 93 
79 99 
5 95 
17 32 
51 86 
90 99 
96 100 
72 92 
99 100 
50 99 
6 9 
7 22 
38 84 
6 61 
23 26 
21 76 
94 95 
19 90 
27 73 
29 74 
69 84 
75 79 
6 13 
62 70 
14 91 
78 97 
18 27 
75 80 
77 86 
34 66 
81 82 
98 99 
49 51 
71 99 
49 81 
51 92 
15 47 
83 92 
72 91 
24 45 
52 55 
99 100 
83 96 
19 24 
53 84 
57 81 
5 86 
5 23 
70 88 
27 62 
73 97 
90
88 91 
17 39 
72 84 
28 74 
10 37 
54 83 
8 14 
92 93 
76 77 
23 73 
47 79 
10 42 
44 51 
23 39 
56 66 
93 95 
98 100 
46 87 
64 74 
23 39 
99 100 
44 75 
97 100 
73 100 
76 89 
77 83 
70 94 
19 40 
70 79 
69 74 
35 49 
64 97 
67 77 
1 31 
83 89 
98 100 
92 96 
87 97 
76 89 
59 79 
53 96 
73 96 
22 42 
32 36 
28 56 
13 61 
61 86 
90 100 
84 89 
55 77 
9 14 
47 98 
95 100 
85 93 
93 97 
22 53 
81 85 
66 97 
83 85 
91 100 
97 99 
66 78 
76 99 
84 95 
44 51 
27 88 
92 96 
48 51 
4 58 
55 61 
77 89 
40 87 
70 97 
56 85 
1 46 
57 80 
47 95 
54 82 
78 81 
80 85 
73 96 
71 90 
75 99 
49 77 
50 57 
73 82 
78 81 
83 89 
17 95 
97 98 
72
55 67 
29 32 
63 67 
54 56 
29 47 
72 88 
43 78 
6 60 
82 92 
9 92 
56 79 
62 81 
15 31 
83 96 
7 72 
33 53 
10 15 
34 74 
8 41 
70 74 
57 64 
64 80 
74 92 
56 57 
50 95 
40 79 
94 97 
72 94 
11 85 
59 70 
50 96 
71 99 
49 56 
31 47 
88 93 
88 98 
38 69 
40 46 
19 68 
66 96 
57 90 
72 84 
6 67 
57 98 
95 100 
29 42 
4 8 
4 13 
4 20 
6 58 
30 36 
33 50 
40 80 
76 99 
64 97 
25 26 
46 97 
67 85 
38 77 
65 98 
36 63 
79 89 
92 96 
85 100 
14 81 
82 96 
80 82 
8 44 
83 97 
74 96 
24 93 
66 82 
1
31 34 
87
53 70 
59 62 
75 98 
23 66 
16 82 
58 94 
96 98 
67 77 
53 65 
92 93 
56 78 
80 97 
62 79 
46 98 
77 97 
79 83 
44 81 
16 72 
72 79 
79 90 
44 77 
11 81 
75 87 
15 44 
48 86 
61 72 
72 95 
78 90 
85 89 
85 91 
83 89 
87 93 
99 100 
42 93 
36 76 
53 54 
56 87 
21 54 
40 63 
56 77 
42 55 
89 92 
53 97 
46 64 
89 96 
93 94 
91 99 
96 99 
78 81 
56 71 
55 73 
92 93 
70 80 
41 61 
45 84 
97 99 
7 97 
98 100 
51 81 
93 98 
70 96 
8 56 
65 100 
48 92 
38 49 
57 84 
11 65 
3 87 
59 75 
88 90 
33 53 
88 97 
67 85 
96 99 
26 54 
54 68 
73 87 
56 72 
61 87 
81 88 
6 19 
89 94 
83 87 
93 99 
29 56 
44 78 
64 77 
46
31 70 
90 96 
39 62 
98 99 
51 100 
86 99 
17 42 
67 79 
90 91 
1 5 
84 90 
97 100 
16 22 
68 93 
41 100 
71 88 
11 15 
16 69 
39 98 
79 88 
67 97 
76 79 
51 81 
92 96 
42 53 
43 57 
77 80 
50 60 
16 71 
67 90 
12 59 
26 67 
95 100 
67 100 
53 91 
20 93 
8 83 
98 99 
35 90 
94 98 
78 93 
1 56 
74 85 
47 78 
63 95 
46 100 
48
71 84 
39 83 
56 94 
61 93 
89 90 
4 66 
76 91 
15 92 
51 99 
40 93 
87 95 
60 66 
40 43 
97 99 
92 95 
93 99 
58 66 
71 92 
4 78 
11 40 
10 33 
70 96 
70 87 
45 97 
70 95 
3 81 
78 95 
91 98 
9 65 
65 73 
53 63 
62 83 
88 100 
23 81 
65 91 
79 100 
44 85 
56 57 
32 38 
31 42 
83 92 
58 80 
91 93 
75 85 
33 36 
1 86 
96 97 
94 100 
53
17 47 
56 60 
52 69 
89 90 
79 99 
31 82 
30 81 
61 76 
88 97 
52 94 
95 96 
64 88 
48 86 
27 33 
41 96 
99 100 
81 93 
4 23 
78 91 
30 57 
89 94 
36 59 
89 95 
77 92 
13 43 
9 38 
76 77 
39 74 
17 56 
30 64 
74 97 
14 32 
79 91 
84 98 
3 93 
14 26 
71 85 
11 46 
41 73 
34 88 
12 74 
59 91 
10 78 
8 23 
59 93 
81 94 
62 71 
83 92 
5 89 
94 96 
78 86 
99 100 
54 88 
81
95 98 
41 53 
3 70 
4 33 
89 98 
91 95 
56 82 
94 96 
85 96 
67 90 
89 100 
17 99 
9 50 
93 95 
76 99 
63 70 
89 91 
16 88 
81 87 
76 84 
15 97 
80 91 
88 94 
52 57 
57 86 
96 98 
49 60 
40 86 
35 75 
14 27 
29 36 
80 86 
77 95 
9 69 
10 20 
24 65 
47 72 
89 91 
72 78 
7 78 
59 71 
72 97 
12 35 
64 72 
42 54 
53 100 
53 83 
86 100 
26 64 
83 88 
74 83 
56 64 
6 99 
54 79 
83 92 
4 88 
57 85 
46 69 
82 83 
10 61 
86 98 
92 94 
92 93 
62 93 
71 78 
48 99 
47 61 
62 74 
46 69 
26 62 
69 92 
68 78 
1 16 
91 93 
22 66 
5 10 
62 88 
43 52 
73 88 
69 94 
48 82 
39
95 97 
44 87 
61 83 
69 96 
25 37 
55 78 
97 98 
42 70 
89 97 
82 96 
3 73 
38 67 
48 95 
23 79 
89 95 
69 91 
54 75 
26 45 
66 68 
2 94 
89 90 
39 68 
22 73 
64 93 
19 90 
6 75 
21 32 
74 100 
80 86 
55 59 
33 38 
49 75 
36 94 
98 99 
64 91 
88 93 
53 54 
37 93 
5 46 
38
23 77 
85 87 
61 64 
15 75 
5 46 
82 90 
41 76 
18 62 
38 98 
23 83 
51 81 
24 49 
72 81 
39 54 
52 66 
27 60 
78 80 
13 68 
37 53 
64 96 
33 55 
12 61 
49 58 
93 97 
16 41 
23 34 
35 85 
68 97 
93 100 
49 53 
43 98 
15 37 
86 93 
55 60 
47 51 
61 90 
64 98 
48 63 
94
41 73 
12 44 
20 63 
86 90 
44 57 
56 72 
40 78 
91 98 
11 73 
2 28 
64 68 
81 95 
82 95 
47 84 
4 5 
46 52 
55 92 
93 97 
30 55 
38 94 
70 87 
20 94 
90 93 
25 70 
16 43 
34 48 
45 70 
61 83 
69 75 
74 79 
64 75 
13 24 
74 89 
91 93 
85 98 
71 90 
20 47 
62 84 
97 100 
7 95 
8 12 
90 99 
52 96 
74 86 
54 78 
91 98 
65 94 
32 42 
7 94 
39 47 
49 74 
43 55 
97 99 
71 72 
89 99 
4 19 
15 93 
45 98 
41 53 
82 93 
65 91 
8 12 
74 96 
69 98 
61 91 
69 90 
15 45 
73 92 
15 100 
3 42 
18 76 
97 100 
96 97 
93 94 
59 96 
26 78 
46 80 
53 56 
71 81 
97 100 
25 29 
35 66 
74 78 
47 69 
47 97 
89 99 
50 71 
94 96 
27 76 
79 81 
60 87 
7 31 
35 93 
23 29 
52
18 77 
2 46 
67 73 
53 96 
83 88 
19 94 
28 55 
79 84 
76 93 
35 64 
1 19 
20 28 
24 28 
36 47 
47 82 
59 95 
71 76 
43 48 
97 98 
8 83 
33 83 
6 17 
6 62 
69 81 
5 7 
41 86 
21 63 
4 99 
82 94 
24 95 
77 92 
90 92 
40 82 
83 90 
27 82 
13 74 
13 61 
17 25 
99 100 
98 100 
86 89 
5 14 
94 96 
46 68 
45 79 
3 48 
48 95 
68 98 
21 39 
22 92 
38 44 
4 84 
71
18 84 
48 76 
63 67 
84 89 
54 57 
91 98 
32 78 
6 61 
65 67 
45 78 
93 95 
75 87 
50 95 
77 85 
22 34 
31 40 
91 95 
39 91 
26 67 
51 75 
7 89 
41 43 
3 98 
33 40 
69 90 
20 21 
5 45 
1 53 
14 26 
34 37 
5 38 
74 100 
38 97 
48 95 
32 77 
41 79 
37 89 
72 99 
24 87 
5 28 
77 83 
51 85 
19 77 
32 89 
26 29 
66 100 
23 61 
22 71 
49 67 
23 91 
65 86 
16 57 
43 89 
39 41 
88 92 
52 84 
64 74 
45 49 
49 58 
12 54 
36 46 
3 28 
15 54 
18 91 
90 98 
41 88 
98 100 
55 96 
39 83 
3 38 
34 89 
53
98 100 
35 92 
5 90 
90 100 
42 87 
77 97 
77 86 
16 53 
89 98 
77 83 
51 72 
98 100 
70 74 
90 94 
24 66 
86 100 
98 99 
98 100 
25 36 
75 86 
49 62 
64 97 
51 63 
61 78 
32 88 
83 100 
67 82 
69 96 
71 92 
29 98 
3 34 
14 78 
31 88 
98 99 
95 97 
22 24 
23 29 
67 75 
63 80 
13 69 
64 94 
71 99 
75 77 
63 67 
99 100 
38 65 
3 63 
99 100 
58 60 
86 96 
68 79 
94 97 
88 96 
33
49 83 
74 92 
49 58 
13 94 
39 42 
36 76 
50 57 
18 50 
26 60 
46 57 
22 60 
40 99 
9 64 
66 67 
30 78 
59 63 
10 86 
18 84 
96 99 
31 54 
81 86 
15 81 
89 99 
75 76 
95 98 
68 86 
61 89 
88 95 
49 91 
61 92 
79 82 
55 96 
47 49 
47
41 99 
73 93 
79 99 
88 99 
27 63 
82 94 
14 37 
5 98 
59 65 
17 51 
56 94 
83 91 
48 63 
86 99 
45 58 
76 93 
57 96 
60 79 
83 91 
42 85 
64 69 
46 95 
23 49 
7 63 
57 91 
4 8 
91 96 
44 97 
85 90 
71 76 
85 96 
14 33 
92 94 
76 79 
18 44 
82 91 
41 79 
57 89 
72 79 
41 62 
82 89 
39 50 
29 94 
11 41 
9 35 
40 68 
26 49 
73
19 73 
8 37 
44 58 
72 80 
64 89 
78 93 
69 89 
66 86 
19 37 
32 72 
36 43 
1 48 
19 82 
84 99 
5 70 
40 88 
62 99 
13 23 
71 90 
26 45 
79 86 
60 82 
41 79 
40 43 
33 82 
47 79 
84 92 
14 52 
26 36 
9 11 
33 78 
51 74 
93 100 
97 98 
43 85 
98 100 
25 85 
67 97 
83 91 
21 58 
78 79 
80 99 
13 26 
61 70 
88 92 
64 84 
16 30 
14 76 
74 75 
70 86 
33 35 
36 48 
25 29 
17 73 
7 11 
18 93 
2 83 
41 65 
88 91 
48 58 
67 79 
93 94 
25 30 
86 91 
17 85 
13 90 
22 80 
2 100 
46 82 
48 72 
52 54 
31 62 
62 71 
100
50 55 
11 63 
36 61 
16 68 
43 85 
99 100 
35 52 
50 83 
75 82 
81 91 
39 44 
67 90 
49 77 
20 47 
92 93 
63 87 
61 67 
61 77 
92 98 
9 96 
95 100 
73 94 
61 88 
10 55 
15 76 
53 71 
88 100 
42 70 
48 53 
35 84 
49 52 
77 85 
66 70 
3 73 
12 45 
88 96 
16 77 
35 69 
80 82 
12 73 
32 78 
45 85 
80 87 
53 59 
45 86 
64 67 
79 91 
99 100 
74 80 
1 87 
10 45 
88 92 
48 97 
2 90 
64 93 
20 77 
73 93 
12 52 
50 88 
76 95 
49 73 
85 96 
77 95 
71 87 
83 87 
36 39 
59 90 
18 84 
45 75 
31 86 
27 57 
1 98 
13 94 
48 59 
73 80 
54 96 
61 84 
46 66 
20 24 
87 91 
87 95 
95 97 
45 89 
50 92 
27 78 
91 100 
29 78 
51 87 
98 99 
2 48 
22 50 
91 92 
90 96 
18 59 
52 100 
14 15 
26 69 
84 89 
18 41 
53 61 
78
43 75 
39 66 
45 48 
31 90 
81 97 
63 69 
88 95 
25 60 
60 86 
77 84 
46 52 
87 95 
96 97 
65 98 
7 78 
40 86 
1 77 
78 90 
54 95 
86 97 
7 8 
67 95 
89 90 
18 44 
24 62 
11 82 
8 69 
17 71 
49 87 
31 41 
87 93 
2 11 
44 83 
33 86 
84 96 
29 96 
66 92 
82 83 
84 91 
3 47 
93 95 
70 72 
9 64 
99 100 
65 83 
10 89 
95 96 
39 60 
86 89 
34 71 
86 95 
58 71 
56 63 
5 32 
40 63 
44 68 
19 96 
29 75 
98 99 
84 100 
56 61 
13 48 
3 64 
87 98 
19 22 
56 83 
82 96 
54 95 
53 95 
76 77 
64 73 
20 44 
31 59 
7 50 
73 89 
90 95 
80 88 
78 92 
