1
5
95 96 
23 81 
71 100 
51 55 
57 80 

3
16 68 
27 53 
56 68 
9
48 58 
28 65 
26 86 
83 91 
5 53 
25 84 
17 64 
18 61 
71 78 
1
41 78 
8
73 74 
73 83 
36 60 
21 82 
86 89 
53 82 
84 89 
8 73 
10
11 89 
46 97 
72 98 
57 73 
1 26 
35 45 
69 80 
13 46 
63 66 
13 77 
4
57 92 
58 65 
76 77 
85 89 
9
9 81 
65 91 
30 48 
84 87 
13 40 
9 57 
22 42 
39 70 
53 57 
4
65 70 
96 99 
36 71 
30 53 
1
16 50 
1
22 71 
9
74 84 
97 98 
92 99 
41 79 
57 60 
75 93 
92 93 
91 97 
91 93 
2
12 46 
43 47 
6
36 50 
99 100 
74 96 
99 100 
87 96 
5 20 
5
45 68 
62 90 
51 69 
95 96 
46 65 
7
11 71 
78 98 
25 91 
18 49 
70 90 
94 95 
95 97 
4
80 86 
93 97 
94 100 
33 46 
3
84 95 
37 44 
52 90 
4
60 97 
7 33 
29 84 
85 88 
10
3 63 
35 46 
75 82 
75 98 
17 85 
56 87 
61 69 
94 98 
19 93 
4 47 
1
30 58 
8
34 98 
85 92 
80 87 
47 70 
52 98 
77 96 
3 13 
87 96 
8
43 59 
39 71 
63 65 
71 75 
82 85 
44 49 
66 72 
45 51 
6
1 43 
56 90 
22 52 
25 79 
30 59 
47 79 
2
25 46 
13 52 
9
75 96 
82 83 
27 51 
8 11 
85 88 
81 90 
89 91 
85 98 
22 36 
7
44 70 
77 86 
51 56 
9 25 
52 85 
39 46 
93 97 
5
58 81 
61 97 
43 72 
69 98 
87 88 
10
71 82 
21 86 
44 74 
80 98 
31 36 
13 15 
3 46 
58 59 
25 35 
21 81 
4
26 47 
70 75 
68 98 
88 97 
7
86 97 
90 91 
1 35 
67 79 
53 95 
7 94 
33 39 
1
89 92 
5
39 99 
14 93 
90 98 
16 80 
7 87 
1
60 62 
4
82 89 
33 65 
65 79 
58 83 
8
63 75 
24 88 
3 24 
15 22 
51 52 
63 83 
69 82 
11 72 
3
61 64 
62 99 
97 100 
9
30 83 
3 52 
81 93 
19 27 
94 97 
12 20 
55 63 
46 59 
5 62 
6
73 80 
9 83 
11 21 
66 75 
72 96 
16 80 
5
40 95 
17 92 
25 54 
62 76 
76 90 
5
29 67 
60 79 
1 68 
31 54 
73 74 
5
84 99 
33 97 
75 90 
70 100 
85 96 
6
99 100 
15 71 
86 87 
6 78 
47 100 
52 89 
9
51 76 
93 99 
45 53 
88 94 
35 76 
79 90 
14 63 
92 100 
54 75 
2
78 96 
27 92 
8
32 55 
72 91 
68 81 
29 80 
48 72 
39 68 
49 58 
15 70 
2
93 99 
59 96 
9
55 56 
60 67 
70 73 
74 91 
80 92 
47 54 
66 81 
27 88 
32 90 
6
70 87 
62 65 
76 86 
39 85 
32 35 
9 16 
6
88 92 
43 93 
11 42 
48 82 
47 80 
53 78 
