48
-10 3
-3 -10
-7 8
-9 -5
4 1
10 10
-2 -3
2 9
-4 -6
-8 -9
-6 4
-10 0
-5 -4
-9 4
8 -3
-10 -7
-1 -1
2 4
-1 5
5 -4
-8 -7
8 2
4 10
-2 0
6 -4
0 -6
10 -4
1 -6
0 8
6 7
6 4
3 8
9 -6
-1 -3
-9 9
-8 3
-10 -10
-9 7
-10 -5
-1 -7
1 3
0 4
-5 -5
9 2
-2 4
4 -6
8 7
8 -1
-3 2
-8 6
5 -5
4 -2
-2 3
-5 -2
9 -9
-8 -9
5 -9
8 4
3 10
6 -5
-4 -7
-4 3
6 9
-2 -10
-7 6
7 3
-8 -1
-2 -9
-9 5
4 -1
3 -3
0 -1
1 -8
-10 -7
-10 -4
1 -3
2 5
-9 -5
-9 9
-3 0
5 -10
-3 7
7 5
-3 -6
-5 0
7 6
-9 -10
6 -2
-5 8
-3 8
-7 -10
-9 -1
10 -1
-2 -7
2 2
9 -7
