100
5 5
7 9
-1 -4
-6 -10
-10 0
6 4
7 -2
-10 -2
5 1
9 -10
2 5
8 4
1 -9
6 -1
-8 -4
-3 -2
3 8
0 0
1 -6
4 7
-10 -3
4 -1
3 7
3 10
-1 0
7 5
1 -2
5 7
-1 1
8 8
-9 -2
-10 1
-3 6
5 -9
1 8
-4 -8
1 -10
6 9
8 3
7 -8
-1 -10
-7 -9
8 -9
-1 -8
2 0
1 -7
-10 -7
9 0
-4 4
-5 0
10 -10
-5 -3
1 -3
8 -8
9 -3
-2 -6
-9 7
-10 -10
-7 6
2 -7
-9 5
6 6
-9 -10
8 -10
-10 2
-1 9
3 -3
0 -5
-7 4
-8 -10
6 0
3 -2
-4 1
-4 8
-2 7
-8 -2
-5 -1
-10 -1
5 -4
-7 0
-1 3
3 -8
4 -7
5 -10
7 7
6 5
5 -8
3 3
4 6
7 -10
-5 6
4 -4
7 -5
7 -1
8 -7
10 5
2 -8
3 -1
2 -10
1 0
1 7
-5 2
0 0
-4 -4
7 1
0 9
10 -1
-7 3
-5 10
10 5
-1 5
-5 5
1 6
0 2
10 -10
-6 6
-9 6
6 -2
-10 3
0 -10
2 -10
-4 8
9 8
6 1
-6 4
2 -3
7 2
3 3
-7 5
-7 -2
4 -8
10 7
5 0
10 1
10 -8
7 8
2 -8
10 9
-6 -3
7 4
-8 8
8 3
-7 7
4 -1
0 -1
1 -5
8 -1
-4 -7
2 7
-4 6
8 -4
1 -10
-9 7
0 6
9 5
2 3
1 4
5 7
-3 8
10 10
2 -9
-1 -1
0 1
-1 -10
-8 -4
4 4
-6 -7
-9 -1
8 5
4 5
-7 4
-5 6
10 2
-3 3
3 1
-8 1
1 3
-1 -4
8 8
-5 -9
7 -10
-3 -1
0 -7
10 -6
10 8
9 1
9 -7
-6 -5
8 2
-8 3
-7 -9
2 1
8 7
3 -10
3 9
0 -5
-5 7
-2 -10
3 -5
10 -9
