100
-10 -1
10 5
7 -5
-5 -3
6 0
5 2
2 10
-3 9
9 -8
-5 5
8 -8
1 -5
8 -5
5 -3
6 -5
2 7
-5 4
7 5
8 -4
-9 0
5 -9
-4 5
10 -5
-5 -2
-7 3
2 -10
-3 -1
-10 -6
-9 -8
2 6
-5 -10
-1 4
0 -4
-10 7
9 -3
10 -6
-7 -5
7 10
-1 8
1 10
10 9
-5 2
1 1
0 -6
-5 -9
-7 -1
10 -2
4 -3
-8 3
-1 -8
6 6
9 3
6 -6
-1 -7
8 7
-3 6
9 2
-1 5
-4 -10
2 -2
3 3
2 -5
7 -4
7 1
1 9
-8 6
10 0
6 -2
4 -10
1 -10
-1 -2
-2 -6
-2 5
-10 -8
4 -7
0 10
-9 -2
-8 -1
-8 -5
7 -2
-1 -5
3 9
-3 -3
-10 -2
-8 -8
3 -4
-6 10
6 8
8 -7
-6 7
-7 7
-4 -5
-7 -8
5 7
-4 -6
10 -7
3 7
-4 7
-1 7
-10 -9
-9 -3
-2 -7
5 -5
9 0
3 1
-10 7
5 3
-8 8
-1 -9
8 -6
10 -7
8 8
-2 2
0 4
-1 -1
-9 -2
4 5
-8 4
-10 2
-1 10
1 5
4 -5
10 6
-7 5
-1 -10
1 7
0 6
3 -9
9 2
2 -5
-6 2
7 1
-1 5
-2 -6
5 10
-4 3
-10 -5
8 5
5 9
10 9
-3 -3
-3 4
10 2
1 -5
10 1
2 6
4 6
-8 5
-2 -10
3 -6
7 8
-7 -1
4 -7
7 5
-5 -7
1 -7
0 -10
-5 9
-6 6
8 1
10 8
-3 -7
-5 3
-7 -5
-5 -2
6 -10
-10 0
1 8
-6 -6
5 -4
-2 5
3 3
-9 8
-4 7
-2 10
5 2
-7 2
-8 -7
9 8
-8 7
5 -2
6 -7
-10 5
1 -4
7 -3
7 -7
-6 0
-4 10
-7 -10
-10 6
-9 3
-10 -9
-7 4
4 10
-3 -9
-6 -8
1 -8
-6 5
1 2
8 -3
