62
-9 3
2 -2
-8 9
1 -5
-9 -4
-10 9
6 -3
-3 -3
6 -5
-7 8
10 10
6 -2
8 -7
3 9
3 4
7 -3
10 -7
2 -6
2 -3
-8 -6
-8 1
4 -7
8 4
-9 10
-2 -9
10 2
-9 1
-6 -7
-4 9
-4 4
-8 2
2 0
7 -9
-4 -8
-9 -10
-1 -3
2 5
6 -10
-9 6
-3 2
1 10
-10 -4
-4 -9
8 10
8 -8
0 -4
-6 4
6 0
9 -5
10 -10
-4 -6
8 -3
-5 10
10 -8
-10 -6
-4 -1
3 10
7 3
-6 -4
1 6
-6 8
-6 5
0 6
-10 3
3 -1
6 -10
-2 10
7 4
5 6
10 -9
5 9
6 -4
1 -4
3 -3
6 -8
-3 -9
-6 -9
-4 -4
10 6
9 7
4 0
-5 2
-8 -6
9 -2
-1 -9
-9 -8
3 2
10 10
-4 8
-4 3
6 2
-10 -9
3 7
-9 -4
7 8
-8 -7
2 6
8 10
-10 10
2 2
4 -10
-10 8
-10 1
8 -4
-9 -10
-9 3
8 8
7 -6
-2 -3
-6 1
-4 -6
-5 -6
0 2
-3 7
5 1
-10 -5
3 6
4 -6
7 10
4 -9
-2 -8
-1 -8
9 -4
3 8
