61
0 0
-1 2
9 2
4 7
7 6
4 2
-1 7
2 -9
3 4
-3 -4
-8 -4
-10 -5
-3 1
8 -1
0 -10
-4 -2
-7 4
5 5
2 6
0 10
0 -5
7 -4
6 3
4 -3
10 5
-9 -2
-6 2
10 0
0 5
1 8
-1 -3
-7 -1
-6 -8
-1 -8
6 -2
4 -8
7 1
-2 4
-7 -6
-6 -3
9 -3
-5 -5
6 8
-10 0
3 9
5 -10
-5 0
8 -6
-5 5
2 -4
5 0
-5 10
-4 -7
-2 -6
-3 6
-8 6
-4 3
-3 -9
2 1
3 -1
-2 9
9 -2
5 0
-8 -6
0 -10
-6 -2
6 2
2 -6
-7 1
1 7
-4 2
8 1
10 -5
-6 8
7 -6
10 0
-6 -7
6 7
-5 0
6 -3
7 -1
4 -2
-9 2
-8 4
3 6
-4 -8
-5 -10
2 -1
3 -9
-5 5
5 10
1 -8
4 -7
6 -8
1 2
-2 -4
5 -5
8 6
2 4
0 5
-6 3
-1 8
5 5
-7 -4
-8 -1
-3 -1
-10 0
-3 4
0 0
3 -4
-7 6
-10 5
-4 -3
0 -5
1 -3
-1 3
-9 -3
0 10
-2 6
4 3
7 4
9 3
