53
0 7
-3 -5
0 4
0 -2
4 -3
2 2
-8 -6
-4 2
7 0
-5 -3
5 2
-2 -3
-3 -2
1 0
-4 -7
2 -1
-3 4
-7 -4
6 -2
4 0
-3 1
2 -4
-10 -10
3 1
1 -3
3 4
3 -2
-5 0
-1 -4
-9 -8
-1 8
0 1
4 3
-8 -9
5 -1
-4 -4
-5 -6
0 -5
-6 -2
-2 -6
8 -1
-2 3
1 3
-1 5
-4 -1
1 6
-1 2
-2 6
-6 -8
-6 -5
2 5
6 1
-2 0
2 0
-1 3
4 -1
0 7
-3 4
0 -2
0 4
-5 -1
-2 2
10 -10
-2 5
4 -7
1 -4
2 -6
5 0
-6 -2
0 -5
3 -5
-8 -1
-3 -2
-3 1
3 -2
4 2
1 8
-4 -3
-2 -1
-2 -4
-7 0
-1 -3
3 4
0 1
5 -6
6 -2
9 -8
2 3
7 -4
1 5
-1 0
2 -3
-5 2
-1 6
8 -9
1 2
-4 3
8 -6
6 -5
2 6
-6 1
6 -8
5 -3
4 -4
-4 0
3 1
