54
6 1
-4 -4
8 -1
-6 -5
-1 5
1 0
2 -1
0 7
1 3
-7 -7
-3 1
-4 -1
1 -3
-2 3
-8 -9
6 -2
-2 -3
-2 -6
-5 -6
-9 -8
5 2
0 -5
-3 4
0 1
-3 -2
-2 0
-4 -7
-1 -4
-5 -3
-8 -6
2 -4
5 -1
4 -3
7 0
4 3
0 4
-1 8
-1 -1
3 4
3 1
1 6
0 -2
-4 2
2 5
-2 6
-7 -4
-10 -10
-1 2
-6 -8
-5 0
3 -2
4 0
2 2
-3 -5
-5 3
0 -1
0 -7
-1 -5
4 -3
-4 -2
6 -1
-7 7
-3 -1
-6 5
-5 0
0 2
-5 6
-6 8
-9 8
-4 7
-1 -8
5 1
-3 2
-2 3
-8 6
4 3
7 0
-4 4
-2 0
-7 4
-10 10
3 -4
1 0
-1 1
-8 9
3 2
1 -3
8 1
3 -1
-2 -3
2 4
-4 1
-2 -6
6 2
-3 5
1 -6
0 5
4 0
1 3
-2 6
-1 -2
0 -4
2 1
5 -2
-1 4
2 -5
2 -2
-3 -4
