

1498
940 1281
180 287
1003 1382
123 1129
816 986
1259 1391
212 1367
145 953
350 593
245 634
228 1432
725 918
544 952
274 1018
152 1011
205 960
220 571
366 1174
164 1011
919 1005
281 937
850 1345
54 930
164 266
260 1071
295 691
203 538
117 956
402 1170
1288 1421
369 620
96 455
65 1210
548 1110
412 1139
53 1230
268 423
70 1474
953 1012
909 1112
723 1426
1040 1113
123 138
521 1233
980 1446
925 1483
891 1139
58 956
1131 1276
841 1198
224 1233
632 1392
697 1395
474 743
11 320
635 961
833 1122
346 1271
194 837
631 746
659 1337
473 546
742 1270
1045 1287
77 843
675 1171
55 699
233 250
639 1112
506 651
525 1098
7 1042
14 989
470 1274
79 952
488 765
1145 1481
67 71
371 1234
34 580
542 1260
601 1211
76 1039
1104 1267
863 944
586 854
398 652
493 1496
906 1252
419 711
597 877
16 1307
166 202
751 821
899 1159
456 1103
219 337
210 941
502 1001
705 1245
267 1316
856 1332
938 1362
791 952
483 1194
88 1440
672 823
224 1247
662 1008
886 1394
31 1296
373 388
44 770
568 829
287 645
50 1021
36 63
823 1202
443 911
57 295
69 516
1058 1249
1313 1429
789 814
737 817
215 1194
203 1456
728 1461
303 920
9 599
64 1014
302 1187
89 953
145 1472
415 1316
222 594
643 1498
662 665
839 1041
473 1480
392 609
4 905
747 824
147 590
1138 1430
324 998
1013 1076
75 883
7 1145
285 1189
120 1273
347 1468
1140 1252
9 668
82 1249
234 781
1039 1343
661 672
528 1105
575 1109
601 1218
1176 1378
338 1099
549 979
806 1308
110 416
566 834
1164 1358
484 1113
1282 1312
499 1045
237 1372
399 659
415 1282
897 1015
657 1419
751 835
130 1185
418 1394
1298 1409
374 515
146 436
144 1191
317 1339
12 872
541 953
32 1048
135 1289
219 1223
685 793
295 701
147 168
68 309
1036 1087
770 1056
47 1109
69 474
112 876
174 302
21 555
452 1232
280 1056
800 1048
189 698
349 1303
263 507
5 579
1199 1483
1085 1176
471 994
1052 1234
183 1119
550 982
1087 1433
681 1399
649 1331
1324 1344
591 1362
36 1333
777 1077
44 1396
592 757
343 817
785 1377
869 1298
818 934
806 912
68 578
878 1449
196 580
566 1278
890 1165
6 105
1322 1471
226 383
1307 1315
432 776
122 1438
238 1262
610 749
606 1120
126 915
620 1111
419 904
833 997
127 1046
446 1142
624 1464
421 1102
523 1020
759 780
312 1388
723 897
250 359
1003 1254
763 874
414 1412
111 852
1160 1426
819 1463
6 1236
585 619
487 586
389 441
25 345
178 1270
295 814
1132 1174
244 1435
119 1265
729 1486
554 1335
1043 1083
454 827
302 448
1040 1360
775 1357
12 334
197 1010
752 1148
3 543
752 1452
327 538
570 596
712 810
133 1004
109 293
1258 1479
383 1166
617 1353
626 1367
1131 1328
1059 1314
654 1464
226 1493
279 1282
638 1310
434 810
605 1156
134 439
321 395
365 1005
505 1279
1291 1339
492 992
145 1245
731 1285
488 1398
201 821
539 716
98 1417
209 1209
56 74
227 386
603 691
692 1470
206 939
826 1236
831 1190
485 1351
177 1221
256 1429
236 1034
1155 1239
479 1086
713 1153
1224 1436
387 414
882 1268
534 1125
601 995
408 417
272 1048
106 659
551 778
691 782
1367 1375
297 630
61 673
626 1160
351 842
381 1258
667 965
19 474
845 1442
30 549
311 1146
6 1459
650 967
112 1316
678 1010
977 998
284 1428
732 1288
495 564
384 926
787 1093
177 517
1065 1231
836 1484
535 641
148 187
235 840
191 928
355 1031
749 891
100 616
253 692
1058 1344
301 733
233 933
827 1471
289 682
307 1334
461 925
11 607
1250 1260
311 1090
127 1065
1126 1144
311 1336
248 871
772 799
1263 1487
125 804
469 726
114 1281
554 558
123 902
627 1089
480 525
173 713
469 1181
786 1226
688 830
160 844
914 999
283 547
562 895
490 1008
243 663
205 1455
422 678
1026 1205
1307 1325
246 381
595 1431
462 1362
457 1296
762 1333
525 1376
1265 1361
952 1427
1253 1459
37 346
811 1216
1067 1207
140 947
602 1072
24 1064
515 679
1088 1276
446 812
61 173
459 978
820 1317
622 1258
90 238
131 1482
553 1232
613 1252
333 1151
163 1010
267 1468
402 1074
409 1291
892 933
625 918
229 1356
599 893
271 770
335 1387
373 967
1103 1275
1197 1389
767 1242
600 1240
213 1119
1109 1134
1070 1440
708 1099
646 847
237 1035
825 1235
1195 1478
8 503
188 765
248 1363
443 1002
647 1196
499 715
696 1348
170 227
75 1081
209 539
581 1133
744 1270
428 1260
502 1475
490 1310
3 378
1084 1496
354 545
1273 1431
385 793
53 177
253 703
1070 1424
6 900
209 778
41 825
134 1438
647 1483
70 1179
653 1405
103 1322
198 637
468 1339
157 1497
594 978
718 750
1020 1233
884 992
1224 1370
623 1293
309 803
953 1371
377 1385
907 1262
11 495
615 1128
1165 1475
811 1023
657 1156
142 489
271 650
971 1368
189 833
1221 1437
1089 1441
155 914
285 341
1038 1462
945 1339
889 1082
308 734
219 1437
750 1124
172 364
1093 1416
1011 1299
302 1304
857 1142
152 631
345 572
809 1083
515 963
668 984
234 1008
77 603
405 1052
927 1441
976 1030
1159 1465
1152 1295
907 930
849 958
1271 1367
747 1351
564 869
925 1216
884 1197
269 573
1103 1240
439 1461
867 907
527 964
1251 1275
37 764
335 426
641 1270
635 965
884 1072
483 833
331 1055
334 427
150 1131
537 1390
217 1358
461 604
218 590
1067 1077
359 1444
829 1039
98 335
26 829
864 1463
198 420
914 1265
818 922
830 1216
1124 1439
416 1306
469 567
551 1446
52 424
784 1099
1042 1318
704 1107
503 1000
617 1453
695 1044
203 638
383 721
175 877
631 1416
1050 1381
1056 1297
419 1215
510 592
1013 1097
445 639
556 1324
113 804
57 64
774 904
137 1286
78 917
972 1210
331 1480
459 1289
542 698
605 1451
1372 1410
115 1045
78 717
360 1459
772 1058
380 624
881 893
306 636
285 722
846 1212
673 1184
566 908
938 1341
322 1438
295 398
175 531
394 1058
436 1290
279 1095
499 1278
81 942
513 634
410 964
843 1141
899 1473
638 955
498 1266
141 1004
140 1477
526 676
894 1294
358 751
476 1175
433 581
1240 1315
72 1026
425 1053
334 969
887 1414
155 739
296 1239
945 1356
836 1099
49 1087
627 1213
382 796
364 869
296 1387
875 1372
376 734
527 725
309 612
87 1183
59 1119
92 1061
280 788
204 1255
254 703
459 581
324 777
314 438
608 1086
62 988
179 1427
174 227
729 1203
301 302
84 970
173 885
107 1277
1059 1070
127 1366
666 751
543 1219
459 1063
797 931
505 1309
664 1411
983 1043
766 904
1223 1442
523 1025
504 1248
216 1007
934 1244
9 510
72 482
695 819
951 1016
536 1174
277 657
283 1312
1003 1423
851 1460
1144 1150
77 1048
883 1182
1066 1375
235 951
61 708
1286 1357
427 466
118 356
191 542
181 780
308 1205
4 1387
200 488
932 1181
987 1384
84 641
1346 1429
115 703
99 1059
856 996
1005 1409
849 1397
591 856
61 1020
679 1171
492 571
935 1275
557 1068
333 976
652 1302
166 1460
216 282
164 895
830 1319
450 843
240 787
628 913
372 1141
622 1394
631 779
965 1107
808 882
275 1311
173 435
446 584
306 484
110 916
715 1079
591 861
159 1381
817 1497
456 1127
635 930
113 807
186 1243
438 1054
672 1149
141 325
1091 1439
1239 1490
453 1097
402 1432
226 1042
385 545
1012 1422
951 1459
630 1161
336 443
458 1234
1089 1402
711 1228
997 1195
981 1067
848 1458
651 1365
512 1127
1078 1106
128 1067
775 1151
897 1069
243 1008
421 1386
905 1204
281 1485
273 1094
329 561
470 662
297 424
12 415
692 1237
311 536
465 1121
1385 1397
4 619
491 1181
804 844
118 917
632 1301
615 1333
46 51
234 1071
404 552
888 1425
436 1022
186 509
430 1061
523 946
77 868
456 1219
331 960
511 1217
432 712
851 872
407 673
430 747
18 686
534 1257
1136 1350
333 478
1078 1120
564 1246
93 308
447 880
273 906
108 1252
660 1305
1183 1454
959 1157
262 499
326 1293
960 1229
1104 1252
815 1326
63 477
887 1045
180 1377
583 906
639 1364
1292 1428
167 228
364 464
158 694
716 1489
953 1316
489 1413
1064 1150
1380 1467
321 328
603 720
615 735
939 1014
199 1415
285 1160
280 1427
308 766
717 1059
84 1334
42 272
259 767
444 853
231 1234
457 757
158 321
548 703
26 1057
888 1279
352 1087
1233 1448
70 724
27 1193
1104 1157
337 1259
151 741
913 1357
235 355
440 478
104 1401
1082 1238
435 1075
307 642
413 745
341 1186
55 598
604 696
197 650
1267 1403
434 686
33 490
971 1495
176 973
429 888
871 1281
382 1227
149 1158
638 989
306 610
524 1494
111 1057
858 1195
1059 1454
379 1283
552 1492
1092 1226
753 1472
154 292
94 1397
534 1383
598 758
1041 1261
176 180
314 664
437 645
718 931
1189 1433
477 749
282 847
316 707
497 1155
2 1352
986 1011
752 1163
111 1327
404 1200
225 1036
819 1189
107 1343
588 1420
286 681
66 707
494 783
1 49
21 702
673 1192
660 819
139 894
221 781
800 1466
54 1303
198 1240
28 680
418 1135
1101 1391
1198 1301
1243 1291
774 1005
304 603
1142 1251
537 1494
498 674
165 1223
1180 1408
398 924
550 1059
142 146
1109 1449
10 352
291 372
677 708
792 983
305 434
367 710
831 879
4 678
433 1165
39 609
68 923
930 1406
241 391
726 974
876 1024
317 954
55 483
223 481
880 997
129 1389
563 1181
239 362
233 966
853 1322
760 1081
349 1327
1116 1491
148 264
512 1408
515 1114
125 1117
35 258
837 999
277 1083
353 1486
190 713
344 594
132 376
34 841
547 1443
401 1189
50 611
752 1051
223 916
1220 1293
434 1354
703 1187
77 151
655 942
595 1387
1045 1347
557 616
411 1284
1166 1336
1172 1265
278 830
17 349
514 1349
862 864
134 376
116 970
303 403
862 936
100 1230
748 795
1057 1137
157 318
668 1080
207 960
382 536
261 1036
1033 1156
391 1397
250 1364
539 562
303 509
66 1118
127 658
26 589
848 1280
756 1380
117 1329
496 674
182 1434
341 882
48 1452
299 738
914 1373
957 1462
754 1315
859 1305
168 301
456 653
1162 1183
811 949
195 1067
582 1202
1203 1491
801 1148
442 1085
86 460
233 618
438 529
77 1191
42 1032
523 988
266 857
396 514
1132 1147
577 773
707 869
866 982
896 1087
774 1054
1169 1189
1307 1328
946 1218
1138 1206
248 397
943 1431
902 968
73 155
22 1324
599 1280
991 1008
323 865
781 918
412 1272
86 284
325 358
721 1057
533 1359
38 967
777 1167
883 981
471 529
191 806
219 258
20 309
674 1426
462 700
754 1154
256 860
190 1445
171 407
689 991
1160 1364
123 1201
288 611
59 850
1018 1372
45 1082
737 1432
501 747
921 1305
184 1397
329 522
1120 1267
288 938
363 762
500 1223
242 336
638 1390
93 1041
33 1258
244 1323
207 1326
917 1404
108 1379
190 794
348 683
433 1123
109 216
707 1407
209 1495
347 1047
538 917
365 1467
249 1130
1209 1293
460 1143
730 1306
986 1102
146 559
511 901
587 926
387 393
100 153
614 793
297 400
259 431
943 1177
95 607
93 1317
403 1420
26 950
670 1045
54 1355
257 1124
15 71
348 698
870 1304
58 1248
40 1335
406 1018
7 951
29 1031
859 1037
193 1396
707 901
629 1238
1266 1321
342 1464
771 1035
1164 1188
6 263
942 1288
1009 1073
553 822
49 1432
1384 1498
556 718
1399 1462
872 934
682 713
255 1482
626 849
472 965
1241 1258
449 1203
530 917
1160 1285
423 990
1090 1338
495 1292
727 791
533 1151
186 1395
528 886
465 533
475 560
209 719
993 1398
109 1369
205 1176
865 1390
436 823
515 1130
307 1287
239 780
211 813
422 903
318 780
252 358
25 483
746 1013
400 830
788 874
104 1427
256 1173
1028 1072
43 1373
192 1021
859 1210
364 390
175 712
452 1252
805 952
120 846
247 383
85 477
513 748
238 1256
377 786
736 901
1148 1394
564 1251
121 1108
357 478
145 569
383 449
467 932
165 270
802 1322
181 519
169 1309
1280 1446
798 1047
368 563
1000 1055
275 1096
435 525
81 1164
204 934
248 375
185 819
114 560
453 1361
206 838
1010 1488
175 1182
822 1208
565 817
452 1113
526 1352
68 236
285 690
812 1435
180 1065
824 1456
214 1321
235 508
1115 1118
554 804
1108 1224
596 1246
494 773
878 1021
820 1002
863 1400
251 1180
1199 1418
64 898
320 1188
601 1168
5 1153
745 926
276 479
1283 1312
230 268
330 1007
139 675
208 486
1125 1436
219 1019
313 1119
567 836
62 1447
124 512
408 609
689 1484
108 331
23 401
873 1122
47 1027
451 1309
694 774
651 1418
225 693
373 910
80 199
863 1020
127 989
796 1017
67 1270
50 413
1362 1393
82 599
215 669
231 1291
570 947
516 843
1026 1402
64 1003
540 1083
389 1409
671 1224
86 162
156 1455
165 513
978 1342
74 1048
533 1340
433 1086
557 714
59 287
140 768
182 520
639 1006
28 1407
372 1330
291 292
232 608
639 954
332 1229
83 215
577 802
1235 1304
593 852
35 315
671 1388
1152 1482
640 1129
543 775
417 623
12 938
208 1378
1004 1136
76 286
89 369
136 1264
97 1459
28 1175
579 1049
769 854
319 852
101 1466
687 1119
899 1003
367 1191
46 148
513 1222
644 1142
1030 1050
461 1362
298 1190
157 1374
300 562
451 863
339 1159
301 833
843 1487
709 1137
91 631
514 805
504 1494
208 656
272 648
497 1147
275 1456
512 1469
512 1320
518 526
176 423
665 1450
442 937
756 1100
149 1216
1325 1335
215 290
361 1311
776 985
83 310
549 1450
718 767
340 1341
233 1300
828 1240
879 1247
161 284
528 1108
721 975
258 551
675 888
508 1476
269 1395
877 948
445 1185
174 890
351 809
1060 1366
57 1264
282 685
20 1225
595 941
406 611
1096 1353
947 1179
684 868
199 364
135 621
486 1064
735 740
299 462
433 694
855 1089
172 1412
134 871
1048 1084
1205 1295
296 962
103 265
411 1420
370 1271
227 1062
1313 1461
1281 1471
277 1035
294 802
520 843
110 761
455 777
752 929
769 798
61 1185
143 1090
102 348
27 1121
1457 1489
498 1430
134 526
530 902
556 832
492 648
439 1029
401 1492
13 1051
71 309
364 1398
1181 1269
576 1457
126 1003
1082 1174
282 1121
114 192
463 974
329 1066
566 1178
624 1410
264 375
25 755
126 1067
226 532
7 1229
555 1459
1005 1073
134 691
829 1243
633 1447
451 857
1085 1136
299 790
574 1343
114 1331
399 1067
436 1181
691 706
813 900
123 1214
643 1147
580 1068
223 931
60 1124
887 1053

